--- !ruby/object:CryptoCommon::DataMetrics
cnt: 0
min: -0.5771417905978105
max: 0.20046435068959834
avg: 0.0
med:
sum: 0.0
range: 0.7776061412874088
