--- !ruby/object:CryptoCommon::DataMetrics
cnt: 1827
min: -7554.039063000004
max: 7293.023438000004
avg: 9.16800977394636
med: 6.5751949999994395
sum: 16749.953857
